                                                                                                    |
                                      444                                       222                 |
                                     4   4                     333            2    2 2 2            |
                            3 2 3         4                   4   4          2   Q--Q--Q--Q--  Z    |
                   4  4  4 Q--Q--Q--       4       X         3     3       2             Y          |
         3 3 3    Q--Q--Q--          X   2223333333333      2       2 2 2 2                    Y    |
        Q--Q--Q--     X  2222222222222222    4           Q--Q--Q--Q--111Q--Q--222Q--Q--X  Q--Q--Q--Q|
                        1                     11111111111                                           |
O---------O---------O---------O---------O---------O---------O---------O---------O---------P-P-P-P-P-|
----------------------------------------------------------------------------------------------------|
                                                                                                    |
                                                                                                    |
  1232112                Y                                                                          |
   Q--Q--Q--Q-- Y           Q--Q--Q--Q--               Q--Q--Q--Q--          Q--Q--Q--Q--           |
     Y                Z                      Z             22222222321312312321312            21212 |
12322        12   Z            Z             1111111111111                    3123123134231231      |
--    Q--Q--Q--Q--     Q--Q--Q--Q--        Q--Q--Q--Q--      Q--Q--Q--Q--      Q--Q--Q--Q--         |
                   1232                                                                             |
O---------P-P-O---------P-P-O---------P-P-O---------P-P-O---------O---------O---------O---------P-P-|
----------------------------------------------------------------------------------------------------|
                                                                                                    |
                                                                                                    |
                                                                              4 4                   |
                        2     3 3 3                3 3 3                3 3 3      3 3              |
                       1 2                          2 2                       3 3 3                 |
1 1 1 1 1 1   2 2 2   1   2 2        2 2   3   2 2       2 2   3    2 2                2 2 2   2 2 2|
     3 333333333333        2                                                                        |
1 1 1 1 1 1 1       1 1 1   1            1 1 1               1 1 1                            1 1 1 |
O---------O---------O---------O---------O---------O---------O---------O---------O---------P-P-P-P-P-|
----------------------------------------------------------------------------------------------------|
                                                                                                    |
                                                                                                    |
                                                        4 4                                         |
                     3 3 3                       3 3 3      3 3                                     |
                                 3 3 3                  3 3                                         |
   2 2 2         2 2       2 2               2 2                 2 2 2           2 2                |
                                                                                        22314242145 |
1         1 1 1                  1 1 1 1 1 1                            1 1 1 1       1 1 1 1 1 1 1 |
O---------P-P-O---------P-P-O---------P-P-O---------P-P-O---------O---------O---------O---------P-P-|
----------------------------------------------------------------------------------------------------|
                                                                                                    |
                                                                                                    |
                                                                              4 4                   |
                              3 3 3                3 3 3                3 3 3      3 3              |
                                                                                                    |
              2 2 2       2 2        2 2       2 2       2 2        2 2                2 2 2        |
                                                                                                    |
1 1 1 1 1 1 1       1 1 1                1 1 1               1 1 1                            1 1 1 |
O---------O---------O---------O---------O---------O---------O---------O---------O---------P-P-P-P-P-|
----------------------------------------------------------------------------------------------------|
                                                                                                    |
                                                                                                    |
                                                        4 4                                         |
                     3 3 3                       3 3 3      3 3                                     |
                                                                                                    |
   2 2 2         2 2       2 2               2 2                 2 2 2           2 2                |
                                                                                                    |
1         1 1 1                  1 1 1 1 1 1                            1 1 1 1       1 1 1 1 1 1 1 |
O---------P-P-O---------P-P-O---------P-P-O---------P-P-O---------O---------O---------O---------P-P-|
----------------------------------------------------------------------------------------------------|
                                                                                                    |
                                                                                                    |
                                                                                                    |
                                                                                                    |
                                                                                                    |
                               22                                     3 3                           |
            1 1 1 1 1         2  2     2 2         2 2     2       2 2                              |
    11111111 1 1 1 1 111111111    11111            1 1 1 1           1 1 1                          |
O---------O---------O---------O---------O---------O---------O---------O---------O---------P-P-P-P-P-|
----------------------------------------------------------------------------------------------------|
                                                                                                    |
                                                                                                    |
                                                                                                    |
                                                                                                    |
                                                                                                    |
                                                                                                    |
                                                                                                    |
                                                                                                    |
O---------P-P-O---------P-P-O---------P-P-O---------P-P-O---------O---------O---------O---------P-P-|
----------------------------------------------------------------------------------------------------|
                                                                                                    |
                                                                                                    |
                                                                                                    |
                                                                                                    |
                                                                          4 4                       |
                                3 3 3                 3 3             3 3                           |
                  2 2 2       2       2 2         2 2     2       2 2                               |
    1 1 1 1 1 1 1       1 1 1             1 1 1 1           1 1 1                                   |
O---------O---------O---------O---------O---------O---------O---------O---------O---------P-P-P-P-P-|
----------------------------------------------------------------------------------------------------|
                                                                                                    |
                                                                                                    |
                                                                                                    |
                                                                                                    |
                                                                                                    |
                                                                                                    |
                                                                                                    |
                                                                                                    |
O---------P-P-O---------P-P-O---------P-P-O---------P-P-O---------O---------O---------O---------P-P-|
----------------------------------------------------------------------------------------------------|
                                                                                                    |
                                                         1 1                                        |
      x                                                1     1                                      |
                                         Q--Q--Q--Q--1         1               333                  |
 O---------         22222              2 2 2 2 2 2 2             2 2 2 2 2 2 232 23                 |
                1111     1 1 1 1 1 1 1       Q--Q--Q--Q--                    3     3 1 1 1 1        |
                  O---------             1 1 1 1 1 1 1 1 1 1 1 1 1 1 1      3       3        4 4 4 4|
   1 2 3 4 1 2 3 4 1 1 1 1 1 1 1 1 1 1 1                 ---             1 1         311            |
O---------O---------O---------O---------O---------O---------O---------O---------O---------P-P-P-P-P-|
----------------------------------------------------------------------------------------------------|
                                                                                                    |
                                                                                                    |
                                                           1 1 1 1 1 1 1 1 1                        |
                                            1 1 1 1 1 1 1 1                   1 1 1 1 1             |
                             2 2 2 2 2 2 2                                             2 2 2 2 2    |
               1 1 1 1 1 1 1                                                                        |
 4 4 4 4 4 4 4                                                                                      |
                                                                                                    |
O---------P-P-O---------P-P-O---------P-P-O---------P-P-O---------O---------O---------O---------P-P-|
----------------------------------------------------------------------------------------------------|
                                                                                                    |
                                                         1 1                                        |
                                                       1     1                                      |
                                                     1         1                                    |
                    33333              2 2 2 3 3 3 3             3 3 3 3 3 3 3 3 3                  |
                1111     1 1 1 1 1 1 1                    -                        1 1 1 1 1        |
                                                         -x-                                 1 1 1 1|
                                                         ---                                        |
O---------O---------O---------O---------O---------O---------O---------O---------O---------P-P-P-P-P-|
----------------------------------------------------------------------------------------------------|
                                                                                                    |
                                                                                                    |
                                                           4 4 4 4 4 4 4 4 4                        |
                                           1 1 1 1 1 1 1 1                   1 1 1 1 1              |
                             3 3 3 3 3 3 3                                             3 3 3 3 3    |
               1 1 1 1 1 1 1                                                                        |
 1 1 1 1 1 1 1                                                                                      |
                                                                                                    |
O---------P-P-O---------P-P-O---------P-P-O---------P-P-O---------O---------O---------O---------P-P-|
----------------------------------------------------------------------------------------------------|
                                                                                                    |
                                                         1 1                                        |
                                                       1     1                                      |
                                                     1         1                                    |
                    11111              1 1 1 1 1 1 1             1 1 1 1 1 1 1 1 1                  |
                1111     1 1 1 1 1 1 1                    -                        1 1 1 1 1        |
                                                         -x-                                 1 1 1 1|
                                                         ---                                        |
O---------O---------O---------O---------O---------O---------O---------O---------O---------P-P-P-P-P-|
----------------------------------------------------------------------------------------------------|
                                                                                                    |
                                                                                                    |
                                                           1 1 1 1 1 1 1 1 1                        |
                                           1 1 1 1 1 1 1 1                   1 1 1 1 1              |
                             1 1 1 1 1 1 1                                             1 1 1 1 1    |
               1 1 1 1 1 1 1                                                                        |
 1 1 1 1 1 1 1                                                                                      |
                                                                                                    |
O---------P-P-O---------P-P-O---------P-P-O---------P-P-O---------O---------O---------O---------P-P-|
----------------------------------------------------------------------------------------------------|
|
[Finished in 0.1s]